send=0.585155
recv=1.24258
